20
10
6
13
22
16
20,10
20,6
20,13
20,22
20,16
10,6
10,13
10,22
10,16
6,13
6,22
6,16
13,22
13,16
22,16
20,10,6
20,10,13
20,10,22
20,10,16
20,6,13
20,6,22
20,6,16
20,13,22
20,13,16
20,22,16
10,6,13
10,6,22
10,6,16
10,13,22
10,13,16
10,22,16
6,13,22
6,13,16
6,22,16
13,22,16
20,10,6,13
20,10,6,22
20,10,6,16
20,10,13,22
20,10,13,16
20,10,22,16
20,6,13,22
20,6,13,16
20,6,22,16
20,13,22,16
10,6,13,22
10,6,13,16
10,6,22,16
10,13,22,16
6,13,22,16
20,10,6,13,22
20,10,6,13,16
20,10,6,22,16
20,10,13,22,16
20,6,13,22,16
10,6,13,22,16
20,10,6,13,22,16
