20
7
22
10
8
17
20,7
20,22
20,10
20,8
20,17
7,22
7,10
7,8
7,17
22,10
22,8
22,17
10,8
10,17
8,17
20,7,22
20,7,10
20,7,8
20,7,17
20,22,10
20,22,8
20,22,17
20,10,8
20,10,17
20,8,17
7,22,10
7,22,8
7,22,17
7,10,8
7,10,17
7,8,17
22,10,8
22,10,17
22,8,17
10,8,17
20,7,22,10
20,7,22,8
20,7,22,17
20,7,10,8
20,7,10,17
20,7,8,17
20,22,10,8
20,22,10,17
20,22,8,17
20,10,8,17
7,22,10,8
7,22,10,17
7,22,8,17
7,10,8,17
22,10,8,17
20,7,22,10,8
20,7,22,10,17
20,7,22,8,17
20,7,10,8,17
20,22,10,8,17
7,22,10,8,17
20,7,22,10,8,17
